HMMER3/f [3.2 | June 2018]
NAME  aa_201bp_ref_alignment_stockholm
LENG  67
ALPH  amino
RF    no
MM    no
CONS  yes
CS    no
MAP   yes
DATE  Wed Jul 18 10:19:25 2018
NSEQ  289
EFFN  1.847702
CKSUM 2234190239
STATS LOCAL MSV       -8.3930  0.71881
STATS LOCAL VITERBI   -8.9923  0.71881
STATS LOCAL FORWARD   -4.1529  0.71881
HMM          A        C        D        E        F        G        H        I        K        L        M        N        P        Q        R        S        T        V        W        Y   
            m->m     m->i     m->d     i->m     i->i     d->m     d->d
  COMPO   2.36186  4.05996  3.20663  2.83815  3.34821  2.68160  3.64505  2.67699  2.72077  2.51191  3.95911  3.18384  3.21517  3.20212  2.97363  2.74153  2.86360  2.41342  3.95231  3.84671
          2.68618  4.42225  2.77519  2.73123  3.46354  2.40513  3.72494  3.29354  2.67741  2.69355  4.24690  2.90347  2.73739  3.18146  2.89801  2.37887  2.77519  2.98518  4.58477  3.61503
          0.01553  4.56841  5.29075  0.61958  0.77255  0.00000        *
      1   2.99459  5.11685  2.98572  2.86097  4.82736  3.51187  4.28681  4.41816  3.18767  3.99391  4.84656  0.78778  2.52217  3.49426  3.60572  3.04508  3.38784  3.93129  6.06027  4.70799      1 n - - -
          2.68618  4.42225  2.77519  2.73123  3.46354  2.40513  3.72494  3.29354  2.67741  2.69355  4.24690  2.90347  2.73739  3.18146  2.89801  2.37887  2.77519  2.98518  4.58477  3.61503
          0.01553  4.56841  5.29075  0.61958  0.77255  0.48576  0.95510
      2   2.48222  4.42808  4.47202  4.00445  3.85783  3.85837  4.68383  2.36187  3.89527  2.74293  3.78343  4.11821  4.41164  4.16003  4.09776  2.73925  3.20653  0.82631  5.46444  4.26563      2 v - - -
          2.68618  4.42225  2.77519  2.73123  3.46354  2.40513  3.72494  3.29354  2.67741  2.69355  4.24690  2.90347  2.73739  3.18146  2.89801  2.37887  2.77519  2.98518  4.58477  3.61503
          0.01553  4.56841  5.29075  0.61958  0.77255  0.48576  0.95510
      3   4.45753  5.64895  5.14115  5.00267  3.42689  4.57542  4.76641  4.56861  4.70589  3.84628  5.16035  5.00712  5.13502  5.05605  4.72933  4.63723  4.79987  4.47025  0.24347  3.39741      3 W - - -
          2.68629  4.42254  2.77529  2.73096  3.46383  2.40515  3.72524  3.29350  2.67752  2.69257  4.24632  2.90376  2.73769  3.18146  2.89830  2.37890  2.77529  2.98474  4.58506  3.61533
          0.11386  2.27712  5.29075  2.09048  0.13196  0.48576  0.95510
      4   2.63826  0.70895  4.68275  4.42663  4.50090  3.39529  5.02834  3.55586  4.22732  3.52746  4.50373  4.11599  4.19141  4.49041  4.32846  2.89053  2.14846  3.17252  5.98709  4.83934     16 c - - -
          2.68618  4.42225  2.77519  2.73123  3.46354  2.40513  3.72494  3.29354  2.67741  2.69355  4.24690  2.90347  2.73739  3.18146  2.89801  2.37887  2.77519  2.98518  4.58477  3.61503
          0.01553  4.56841  5.29075  0.61958  0.77255  0.48576  0.95510
      5   0.46495  4.49123  4.15481  4.01793  4.84275  3.28920  4.95935  4.15162  4.06437  3.97750  4.85328  3.90936  4.11171  4.31949  4.25011  2.64280  3.13303  3.56542  6.23471  5.06467     17 A - - -
          2.68618  4.42225  2.77519  2.73123  3.46354  2.40513  3.72494  3.29354  2.67741  2.69355  4.24690  2.90347  2.73739  3.18146  2.89801  2.37887  2.77519  2.98518  4.58477  3.61503
          0.01551  4.56962  5.29196  0.61958  0.77255  0.48576  0.95510
      6   1.03300  4.45363  3.80409  3.32828  3.93816  2.76891  4.24579  3.33998  3.27248  3.04925  3.92826  3.59241  4.07256  3.57967  3.58913  2.73052  2.94731  3.02631  2.89934  4.13272     18 a - - -
          2.68618  4.42225  2.77519  2.73123  3.46354  2.40513  3.72494  3.29354  2.67741  2.69355  4.24690  2.90347  2.73739  3.18146  2.89801  2.37887  2.77519  2.98518  4.58477  3.61503
          0.01551  4.56962  5.29196  0.61958  0.77255  0.48576  0.95510
      7   1.70338  4.48829  3.91915  3.67388  4.83517  0.85150  4.72525  4.27127  3.75221  3.94835  4.74805  3.73195  4.04476  4.00961  3.84357  2.54610  2.85580  3.62546  6.16446  4.98655     19 g - - -
          2.68618  4.42225  2.77519  2.73123  3.46354  2.40513  3.72494  3.29354  2.67741  2.69355  4.24690  2.90347  2.73739  3.18146  2.89801  2.37887  2.77519  2.98518  4.58477  3.61503
          0.01551  4.56962  5.29196  0.61958  0.77255  0.48576  0.95510
      8   2.28119  5.16133  3.09220  2.52304  4.56897  2.85070  3.82922  3.99529  1.20799  3.52786  4.32478  3.13011  4.02200  2.95863  2.87979  2.86477  3.11325  3.52646  5.68805  4.35300     20 k - - -
          2.68618  4.42225  2.77519  2.73123  3.46354  2.40513  3.72494  3.29354  2.67741  2.69355  4.24690  2.90347  2.73739  3.18146  2.89801  2.37887  2.77519  2.98518  4.58477  3.61503
          0.01551  4.56962  5.29196  0.61958  0.77255  0.48576  0.95510
      9   2.82631  4.74186  2.55330  2.58941  4.54180  1.16385  3.93426  3.98531  2.60632  3.55712  4.36664  3.01912  4.02149  3.06807  3.17093  2.81254  3.10383  3.59452  5.76354  4.40082     21 g - - -
          2.68618  4.42225  2.77519  2.73123  3.46354  2.40513  3.72494  3.29354  2.67741  2.69355  4.24690  2.90347  2.73739  3.18146  2.89801  2.37887  2.77519  2.98518  4.58477  3.61503
          0.01551  4.56962  5.29196  0.61958  0.77255  0.48576  0.95510
     10   2.68450  5.00869  2.97197  2.49160  4.27316  3.53643  3.22251  3.67327  2.19151  3.06709  4.07343  3.00637  3.92859  2.86806  2.95080  2.40192  1.72287  3.24776  5.49333  4.06651     22 t - - -
          2.68618  4.42225  2.77519  2.73123  3.46354  2.40513  3.72494  3.29354  2.67741  2.69355  4.24690  2.90347  2.73739  3.18146  2.89801  2.37887  2.77519  2.98518  4.58477  3.61503
          0.01551  4.56962  5.29196  0.61958  0.77255  0.48576  0.95510
     11   3.90333  5.17058  5.24586  4.88385  0.60774  4.85318  4.29314  2.99862  4.67838  2.14437  3.32398  4.73667  5.12846  4.67129  4.68961  4.25649  4.14740  3.10361  4.42261  2.76704     23 F - - -
          2.68618  4.42225  2.77519  2.73123  3.46354  2.40513  3.72494  3.29354  2.67741  2.69355  4.24690  2.90347  2.73739  3.18146  2.89801  2.37887  2.77519  2.98518  4.58477  3.61503
          0.01551  4.56962  5.29196  0.61958  0.77255  0.48576  0.95510
     12   2.58792  3.34843  3.61985  3.15247  4.12389  1.39097  4.17866  3.51323  3.12550  3.19564  4.04575  3.03357  4.02081  3.43439  3.50109  2.20285  2.48585  2.70009  5.50144  4.25805     24 g - - -
          2.68618  4.42225  2.77519  2.73123  3.46354  2.40513  3.72494  3.29354  2.67741  2.69355  4.24690  2.90347  2.73739  3.18146  2.89801  2.37887  2.77519  2.98518  4.58477  3.61503
          0.01551  4.56962  5.29196  0.61958  0.77255  0.48576  0.95510
     13   1.92719  4.73950  3.27933  2.72684  4.20148  3.49424  3.90840  3.60077  2.86284  3.24889  4.08739  2.95192  4.01332  3.19873  3.28244  2.69020  1.34099  3.20402  5.52402  4.23437     25 t - - -
          2.68618  4.42225  2.77519  2.73123  3.46354  2.40513  3.72494  3.29354  2.67741  2.69355  4.24690  2.90347  2.73739  3.18146  2.89801  2.37887  2.77519  2.98518  4.58477  3.61503
          0.01551  4.56962  5.29196  0.61958  0.77255  0.48576  0.95510
     14   2.57660  5.21777  2.29321  1.91618  4.49668  3.32105  3.10289  4.03806  2.37274  3.52142  4.26205  2.90186  3.89139  2.63455  2.82577  2.16918  2.91949  3.47839  5.51612  4.24834     26 e - - -
          2.68618  4.42225  2.77519  2.73123  3.46354  2.40513  3.72494  3.29354  2.67741  2.69355  4.24690  2.90347  2.73739  3.18146  2.89801  2.37887  2.77519  2.98518  4.58477  3.61503
          0.01551  4.56962  5.29196  0.61958  0.77255  0.48576  0.95510
     15   2.49346  5.21127  2.76902  1.42886  4.52966  3.37265  3.72860  3.82798  2.43549  3.50804  4.26775  2.90433  3.92113  2.75902  2.98514  2.64533  2.49338  3.59003  5.66207  4.26480     27 e - - -
          2.68618  4.42225  2.77519  2.73123  3.46354  2.40513  3.72494  3.29354  2.67741  2.69355  4.24690  2.90347  2.73739  3.18146  2.89801  2.37887  2.77519  2.98518  4.58477  3.61503
          0.01551  4.56962  5.29196  0.61958  0.77255  0.48576  0.95510
     16   3.52889  4.76588  5.48162  4.94937  3.62601  4.97414  5.44404  1.52017  4.83520  1.08596  3.39668  5.10584  5.16153  4.93251  4.90799  4.36058  3.76655  1.42847  5.69448  4.60301     28 l - - -
          2.68618  4.42225  2.77519  2.73123  3.46354  2.40513  3.72494  3.29354  2.67741  2.69355  4.24690  2.90347  2.73739  3.18146  2.89801  2.37887  2.77519  2.98518  4.58477  3.61503
          0.01551  4.56962  5.29196  0.61958  0.77255  0.48576  0.95510
     17   2.12161  4.19470  4.52062  3.84543  3.48035  4.07348  4.43803  1.84959  3.81698  2.31971  3.39229  4.11206  4.43270  4.03079  3.97136  3.33249  2.73238  1.31275  5.05986  3.86782     29 v - - -
          2.68618  4.42225  2.77519  2.73123  3.46354  2.40513  3.72494  3.29354  2.67741  2.69355  4.24690  2.90347  2.73739  3.18146  2.89801  2.37887  2.77519  2.98518  4.58477  3.61503
          0.01551  4.56962  5.29196  0.61958  0.77255  0.48576  0.95510
     18   2.63500  5.18078  2.85861  2.25489  4.37364  3.35519  2.56550  3.98051  2.29683  3.01604  4.22774  2.77721  3.30576  2.69124  2.54199  2.39330  2.79721  3.54188  5.62400  3.77506     30 e - - -
          2.68618  4.42225  2.77519  2.73123  3.46354  2.40513  3.72494  3.29354  2.67741  2.69355  4.24690  2.90347  2.73739  3.18146  2.89801  2.37887  2.77519  2.98518  4.58477  3.61503
          0.01551  4.56962  5.29196  0.61958  0.77255  0.48576  0.95510
     19   2.47384  4.66777  3.22086  2.65899  3.00272  3.58829  3.65874  3.31225  2.56022  3.02117  3.81284  3.15793  3.97511  2.51096  1.78892  2.66310  2.95777  2.90827  5.31727  4.01586     31 r - - -
          2.68618  4.42225  2.77519  2.73123  3.46354  2.40513  3.72494  3.29354  2.67741  2.69355  4.24690  2.90347  2.73739  3.18146  2.89801  2.37887  2.77519  2.98518  4.58477  3.61503
          0.01551  4.56962  5.29196  0.61958  0.77255  0.48576  0.95510
     20   3.48417  4.70326  5.49570  4.99224  3.86018  5.01248  5.59162  1.08520  4.90406  1.84781  3.53919  5.14618  5.22513  5.08531  5.02518  4.41494  3.73291  1.15623  5.90469  4.74811     32 i - - -
          2.68618  4.42225  2.77519  2.73123  3.46354  2.40513  3.72494  3.29354  2.67741  2.69355  4.24690  2.90347  2.73739  3.18146  2.89801  2.37887  2.77519  2.98518  4.58477  3.61503
          0.01551  4.56962  5.29196  0.61958  0.77255  0.48576  0.95510
     21   2.56326  4.92555  2.90470  2.28511  4.21358  3.32663  3.65197  3.95509  1.59962  3.45641  4.20363  2.82257  3.89593  2.64502  2.43638  2.63818  2.91049  3.45512  5.39279  4.22907     33 k - - -
          2.68618  4.42225  2.77519  2.73123  3.46354  2.40513  3.72494  3.29354  2.67741  2.69355  4.24690  2.90347  2.73739  3.18146  2.89801  2.37887  2.77519  2.98518  4.58477  3.61503
          0.01551  4.56962  5.29196  0.61958  0.77255  0.48576  0.95510
     22   2.44572  4.96528  2.97024  2.39903  4.18966  3.54028  3.59493  3.49308  1.96720  3.07224  3.81269  3.01935  3.93068  2.77844  2.92653  2.53850  2.51607  2.42685  5.22841  4.11274     34 k - - -
          2.68618  4.42225  2.77519  2.73123  3.46354  2.40513  3.72494  3.29354  2.67741  2.69355  4.24690  2.90347  2.73739  3.18146  2.89801  2.37887  2.77519  2.98518  4.58477  3.61503
          0.01551  4.56962  5.29196  0.61958  0.77255  0.48576  0.95510
     23   2.32997  3.37267  3.67109  3.04857  3.48860  3.70471  3.95667  2.85181  3.05041  2.59753  3.51453  3.43644  4.09153  3.34394  3.38537  2.07522  1.94311  2.47336  4.99636  3.38000     35 t - - -
          2.68618  4.42225  2.77519  2.73123  3.46354  2.40513  3.72494  3.29354  2.67741  2.69355  4.24690  2.90347  2.73739  3.18146  2.89801  2.37887  2.77519  2.98518  4.58477  3.61503
          0.01551  4.56962  5.29196  0.61958  0.77255  0.48576  0.95510
     24   2.70742  5.13964  2.91823  2.37052  4.50067  2.00925  3.61702  4.00189  2.25458  3.45063  4.25585  2.84751  3.92119  2.64092  2.07265  2.68581  2.98843  3.59007  5.64310  4.25546     36 g - - -
          2.68618  4.42225  2.77519  2.73123  3.46354  2.40513  3.72494  3.29354  2.67741  2.69355  4.24690  2.90347  2.73739  3.18146  2.89801  2.37887  2.77519  2.98518  4.58477  3.61503
          0.01551  4.56962  5.29196  0.61958  0.77255  0.48576  0.95510
     25   3.74520  4.97035  5.63650  5.09028  3.45171  5.16775  5.55684  1.55570  4.96001  0.73685  3.20118  5.29675  5.26377  4.95382  4.98802  4.56533  3.96883  2.16688  5.65265  4.63908     37 l - - -
          2.68618  4.42225  2.77519  2.73123  3.46354  2.40513  3.72494  3.29354  2.67741  2.69355  4.24690  2.90347  2.73739  3.18146  2.89801  2.37887  2.77519  2.98518  4.58477  3.61503
          0.01551  4.56962  5.29196  0.61958  0.77255  0.48576  0.95510
     26   2.21259  5.15987  2.45320  2.14262  4.43581  2.45696  3.54372  3.94134  2.38645  3.41416  3.51650  2.91260  3.84388  2.79817  2.91324  2.46927  2.89919  3.50653  5.61066  4.09199     38 e - - -
          2.68618  4.42225  2.77519  2.73123  3.46354  2.40513  3.72494  3.29354  2.67741  2.69355  4.24690  2.90347  2.73739  3.18146  2.89801  2.37887  2.77519  2.98518  4.58477  3.61503
          0.01551  4.56962  5.29196  0.61958  0.77255  0.48576  0.95510
     27   2.69534  4.93257  2.34973  2.07393  4.56883  3.31672  3.20538  4.05220  1.82242  3.45681  4.20531  2.86638  3.89022  2.61767  2.65745  2.62526  2.91784  3.61572  5.66001  4.25162     39 k - - -
          2.68618  4.42225  2.77519  2.73123  3.46354  2.40513  3.72494  3.29354  2.67741  2.69355  4.24690  2.90347  2.73739  3.18146  2.89801  2.37887  2.77519  2.98518  4.58477  3.61503
          0.01551  4.56962  5.29196  0.61958  0.77255  0.48576  0.95510
     28   2.71866  4.22810  4.13604  3.55062  3.25595  3.83047  4.07027  1.85002  2.57627  1.99037  3.28046  3.78443  4.19923  3.63515  3.43629  3.08375  2.90028  1.83905  4.84500  3.65051     40 v - - -
          2.68618  4.42225  2.77519  2.73123  3.46354  2.40513  3.72494  3.29354  2.67741  2.69355  4.24690  2.90347  2.73739  3.18146  2.89801  2.37887  2.77519  2.98518  4.58477  3.61503
          0.01551  4.56962  5.29196  0.61958  0.77255  0.48576  0.95510
     29   3.20914  4.63644  5.11121  4.64999  3.98944  4.59641  5.34415  1.90088  4.51473  2.51553  3.80914  4.79184  4.99324  4.81427  4.69865  3.82822  3.59108  0.60921  5.90063  4.66204     41 V - - -
          2.68618  4.42225  2.77519  2.73123  3.46354  2.40513  3.72494  3.29354  2.67741  2.69355  4.24690  2.90347  2.73739  3.18146  2.89801  2.37887  2.77519  2.98518  4.58477  3.61503
          0.01551  4.56962  5.29196  0.61958  0.77255  0.48576  0.95510
     30   2.60349  5.12389  2.69876  2.37574  4.50502  3.41823  3.69061  4.02232  2.05982  3.51069  4.20685  2.16756  3.80760  2.73488  2.77280  2.00444  2.86871  3.59522  5.64957  4.24542     42 s - - -
          2.68618  4.42225  2.77519  2.73123  3.46354  2.40513  3.72494  3.29354  2.67741  2.69355  4.24690  2.90347  2.73739  3.18146  2.89801  2.37887  2.77519  2.98518  4.58477  3.61503
          0.01551  4.56962  5.29196  0.61958  0.77255  0.48576  0.95510
     31   3.21268  5.32804  3.06563  2.77279  4.37743  3.67293  0.88007  4.14622  2.62092  3.67608  4.56716  3.27280  4.25108  3.15142  2.83029  3.12924  3.47094  3.81688  5.63512  4.23636     43 h - - -
          2.68618  4.42225  2.77519  2.73123  3.46354  2.40513  3.72494  3.29354  2.67741  2.69355  4.24690  2.90347  2.73739  3.18146  2.89801  2.37887  2.77519  2.98518  4.58477  3.61503
          0.01551  4.56962  5.29196  0.61958  0.77255  0.48576  0.95510
     32   3.31077  5.55514  3.76914  3.10417  5.06990  4.00265  3.63491  4.38476  1.69548  3.76929  4.63056  3.38911  4.34496  2.95375  0.86954  3.35388  3.54645  4.05655  5.76955  4.62798     44 r - - -
          2.68618  4.42225  2.77519  2.73123  3.46354  2.40513  3.72494  3.29354  2.67741  2.69355  4.24690  2.90347  2.73739  3.18146  2.89801  2.37887  2.77519  2.98518  4.58477  3.61503
          0.01551  4.56962  5.29196  0.61958  0.77255  0.48576  0.95510
     33   2.73262  5.18653  2.92627  2.37648  4.51385  3.52362  3.66968  3.89316  1.67015  3.36816  4.17920  2.90038  3.91448  2.73377  2.12523  2.64600  2.54382  3.46851  5.47902  4.23910     45 k - - -
          2.68618  4.42225  2.77519  2.73123  3.46354  2.40513  3.72494  3.29354  2.67741  2.69355  4.24690  2.90347  2.73739  3.18146  2.89801  2.37887  2.77519  2.98518  4.58477  3.61503
          0.01551  4.56962  5.29196  0.61958  0.77255  0.48576  0.95510
     34   3.47276  4.79603  5.48971  4.94602  3.56656  4.98118  5.42354  1.46934  4.82755  0.97516  3.27916  5.10958  5.15593  4.89972  4.88870  4.36182  3.78710  1.70854  5.65478  4.58268     46 l - - -
          2.68618  4.42225  2.77519  2.73123  3.46354  2.40513  3.72494  3.29354  2.67741  2.69355  4.24690  2.90347  2.73739  3.18146  2.89801  2.37887  2.77519  2.98518  4.58477  3.61503
          0.01551  4.56962  5.29196  0.61958  0.77255  0.48576  0.95510
     35   3.46456  4.69552  5.43932  4.93917  3.78705  4.98089  5.58102  0.76714  4.85247  2.20175  3.67295  5.10562  5.21450  5.06357  4.99821  4.38201  3.52082  1.47517  5.94005  4.75627     47 i - - -
          2.68618  4.42225  2.77519  2.73123  3.46354  2.40513  3.72494  3.29354  2.67741  2.69355  4.24690  2.90347  2.73739  3.18146  2.89801  2.37887  2.77519  2.98518  4.58477  3.61503
          0.01551  4.56962  5.29196  0.61958  0.77255  0.48576  0.95510
     36   3.37998  4.73000  5.40375  4.85726  3.44709  4.87859  5.31666  1.73831  4.73745  1.06584  3.36666  5.00408  5.08505  4.83278  4.80642  4.24953  3.70915  1.36883  5.60340  4.50274     48 l - - -
          2.68618  4.42225  2.77519  2.73123  3.46354  2.40513  3.72494  3.29354  2.67741  2.69355  4.24690  2.90347  2.73739  3.18146  2.89801  2.37887  2.77519  2.98518  4.58477  3.61503
          0.01551  4.56962  5.29196  0.61958  0.77255  0.48576  0.95510
     37   3.92523  5.50569  4.60615  4.57305  5.43130  4.15750  5.53784  5.22893  4.70359  4.74122  5.85178  4.79191  0.17301  5.06305  4.81981  4.12453  4.42337  4.77958  6.36179  5.57575     49 P - - -
          2.68618  4.42225  2.77519  2.73123  3.46354  2.40513  3.72494  3.29354  2.67741  2.69355  4.24690  2.90347  2.73739  3.18146  2.89801  2.37887  2.77519  2.98518  4.58477  3.61503
          0.01551  4.56962  5.29196  0.61958  0.77255  0.48576  0.95510
     38   2.82120  4.97901  3.20675  2.68785  4.26431  2.72822  3.83982  3.35593  2.54998  3.23954  3.93891  3.18224  4.02524  1.27047  2.90487  2.86307  3.06603  3.35639  5.50840  4.19010     50 q - - -
          2.68618  4.42225  2.77519  2.73123  3.46354  2.40513  3.72494  3.29354  2.67741  2.69355  4.24690  2.90347  2.73739  3.18146  2.89801  2.37887  2.77519  2.98518  4.58477  3.61503
          0.01551  4.56962  5.29196  0.61958  0.77255  0.48576  0.95510
     39   3.62045  4.94868  5.02660  4.54803  2.82813  4.68730  4.44693  2.81254  4.34497  0.66826  3.38347  4.60859  4.94148  4.44989  4.42145  4.04475  3.84316  2.91879  4.67023  2.24177     51 L - - -
          2.68618  4.42225  2.77519  2.73123  3.46354  2.40513  3.72494  3.29354  2.67741  2.69355  4.24690  2.90347  2.73739  3.18146  2.89801  2.37887  2.77519  2.98518  4.58477  3.61503
          0.01551  4.56962  5.29196  0.61958  0.77255  0.48576  0.95510
     40   1.56662  4.20349  3.88191  3.41990  4.31445  1.31763  4.39779  3.69468  3.38243  2.77888  4.24284  3.61975  4.03384  3.67753  3.71603  2.32505  3.00249  3.27142  5.69473  4.47690     52 g - - -
          2.68618  4.42225  2.77519  2.73123  3.46354  2.40513  3.72494  3.29354  2.67741  2.69355  4.24690  2.90347  2.73739  3.18146  2.89801  2.37887  2.77519  2.98518  4.58477  3.61503
          0.01551  4.56962  5.29196  0.61958  0.77255  0.48576  0.95510
     41   0.51167  4.44060  4.20593  3.99936  4.78078  3.05204  4.90005  4.07569  4.00124  3.89335  4.74231  3.87967  4.07460  4.25009  4.20005  2.68478  3.07480  3.27182  6.17213  5.01422     53 A - - -
          2.68618  4.42225  2.77519  2.73123  3.46354  2.40513  3.72494  3.29354  2.67741  2.69355  4.24690  2.90347  2.73739  3.18146  2.89801  2.37887  2.77519  2.98518  4.58477  3.61503
          0.01551  4.56962  5.29196  0.61958  0.77255  0.48576  0.95510
     42   2.50747  4.80447  3.20553  2.65736  4.05850  3.52613  3.81479  3.42938  2.64806  3.09433  3.92668  2.75881  2.36083  2.70837  3.09431  2.44073  2.53635  2.25488  5.36897  4.05952     54 v - - -
          2.68618  4.42225  2.77519  2.73123  3.46354  2.40513  3.72494  3.29354  2.67741  2.69355  4.24690  2.90347  2.73739  3.18146  2.89801  2.37887  2.77519  2.98518  4.58477  3.61503
          0.11371  4.56962  2.33175  0.61958  0.77255  0.48576  0.95510
     43   2.39903  4.07375  4.09225  3.93039  4.84050  0.60035  4.86688  4.27492  3.95611  4.01240  4.82900  3.80705  4.00211  4.21109  4.14953  2.57021  3.02170  3.58882  6.19361  5.03819     55 G - - -
          2.68618  4.42225  2.77519  2.73123  3.46354  2.40513  3.72494  3.29354  2.67741  2.69355  4.24690  2.90347  2.73739  3.18146  2.89801  2.37887  2.77519  2.98518  4.58477  3.61503
          0.01710  4.47300  5.19535  0.61958  0.77255  0.39926  1.11113
     44   3.43300  4.70894  5.53734  5.07029  4.06409  5.08462  5.81528  1.07098  5.00266  2.44883  3.80344  5.23609  5.31953  5.26107  5.17426  4.51479  3.76125  0.91745  6.16158  4.94311     56 v - - -
          2.68625  4.42232  2.77527  2.73130  3.46322  2.40506  3.72502  3.29361  2.67748  2.69362  4.24697  2.90354  2.73728  3.18154  2.89786  2.37881  2.77507  2.98526  4.58484  3.61510
          0.06305  2.88110  5.29196  1.30482  0.31638  0.48576  0.95510
     45   1.77825  4.66921  2.84766  2.30802  4.40272  3.51422  3.71034  3.83595  2.27522  3.33654  4.16137  2.85145  3.90841  2.80822  2.85117  2.12209  2.92977  3.37507  5.57006  4.19139     63 a - - -
          2.68618  4.42225  2.77519  2.73123  3.46354  2.40513  3.72494  3.29354  2.67741  2.69355  4.24690  2.90347  2.73739  3.18146  2.89801  2.37887  2.77519  2.98518  4.58477  3.61503
          0.01551  4.56962  5.29196  0.61958  0.77255  0.48576  0.95510
     46   1.47939  4.71791  3.29912  2.74346  3.96481  2.66113  3.85462  3.33351  2.70841  2.86662  3.85840  3.21931  3.79960  3.05705  2.70389  2.72085  2.91455  2.98224  5.11032  3.98412     64 a - - -
          2.68618  4.42225  2.77519  2.73123  3.46354  2.40513  3.72494  3.29354  2.67741  2.69355  4.24690  2.90347  2.73739  3.18146  2.89801  2.37887  2.77519  2.98518  4.58477  3.61503
          0.01551  4.56962  5.29196  0.61958  0.77255  0.48576  0.95510
     47   2.71485  5.14919  3.01143  2.13750  4.21454  3.49754  2.05043  3.87613  2.31127  3.37530  4.16202  2.94224  3.21060  2.69308  2.52364  2.67347  2.95770  3.45993  5.59996  3.89069     65 h - - -
          2.68618  4.42225  2.77519  2.73123  3.46354  2.40513  3.72494  3.29354  2.67741  2.69355  4.24690  2.90347  2.73739  3.18146  2.89801  2.37887  2.77519  2.98518  4.58477  3.61503
          0.01551  4.56962  5.29196  0.61958  0.77255  0.48576  0.95510
     48   2.62727  4.98687  2.83240  2.05560  4.24441  3.52509  3.69817  3.33277  2.37877  2.06898  4.01548  3.03904  3.92823  2.76233  2.64375  2.71301  2.83712  3.08640  5.47546  4.12542     66 e - - -
          2.68618  4.42225  2.77519  2.73123  3.46354  2.40513  3.72494  3.29354  2.67741  2.69355  4.24690  2.90347  2.73739  3.18146  2.89801  2.37887  2.77519  2.98518  4.58477  3.61503
          0.01554  4.56778  5.29012  0.61958  0.77255  0.48576  0.95510
     49   2.57547  4.41192  4.18538  2.69213  3.59188  4.03656  4.36324  2.18172  3.53825  2.22057  3.49351  3.92732  4.39664  3.81129  3.80153  3.32367  3.13164  1.17403  5.16974  3.96018     67 v - - -
          2.68618  4.42225  2.77519  2.73123  3.46354  2.40513  3.72494  3.29354  2.67741  2.69355  4.24690  2.90347  2.73739  3.18146  2.89801  2.37887  2.77519  2.98518  4.58477  3.61503
          0.01554  4.56778  5.29012  0.61958  0.77255  0.48576  0.95510
     50   2.61360  5.20630  2.72686  2.22941  4.33072  3.45174  3.48800  4.02028  1.72488  3.43134  4.07501  2.95183  3.89062  2.63531  2.46551  2.44689  2.74626  3.55237  5.64427  4.19441     68 k - - -
          2.68618  4.42225  2.77519  2.73123  3.46354  2.40513  3.72494  3.29354  2.67741  2.69355  4.24690  2.90347  2.73739  3.18146  2.89801  2.37887  2.77519  2.98518  4.58477  3.61503
          0.01554  4.56778  5.29012  0.61958  0.77255  0.48576  0.95510
     51   2.67129  5.23809  2.97085  2.01549  4.58198  3.42987  3.67113  4.05725  1.88934  3.53627  4.28244  2.91045  3.91256  2.56483  2.32148  2.16287  2.93688  3.62883  5.66511  4.26864     69 k - - -
          2.68618  4.42225  2.77519  2.73123  3.46354  2.40513  3.72494  3.29354  2.67741  2.69355  4.24690  2.90347  2.73739  3.18146  2.89801  2.37887  2.77519  2.98518  4.58477  3.61503
          0.01554  4.56778  5.29012  0.61958  0.77255  0.48576  0.95510
     52   2.56236  4.98418  3.03413  2.36755  4.10850  3.35282  3.57567  3.58310  2.26778  2.10528  3.94267  3.04460  3.36344  2.62931  2.46794  2.71294  2.95020  3.26622  5.33874  3.83925     70 l - - -
          2.68618  4.42225  2.77519  2.73123  3.46354  2.40513  3.72494  3.29354  2.67741  2.69355  4.24690  2.90347  2.73739  3.18146  2.89801  2.37887  2.77519  2.98518  4.58477  3.61503
          0.02554  4.56778  4.21087  0.61958  0.77255  0.48576  0.95510
     53   2.43184  2.34652  4.17053  3.73239  4.28750  3.32469  4.56891  3.58327  3.65837  3.38087  4.24025  3.76997  4.04719  3.92021  3.92015  1.50322  1.35497  3.21350  5.70545  4.52273     71 t - - -
          2.68670  4.42027  2.77567  2.73173  3.46459  2.40537  3.72449  3.28970  2.67740  2.69406  4.24795  2.90319  2.73620  3.18076  2.89840  2.37953  2.77508  2.98480  4.58582  3.61609
          0.22213  1.91158  2.96930  3.03948  0.04904  0.47481  0.97286
     54   3.03163  5.36603  2.27280  2.49574  4.78217  1.02266  3.85783  4.26329  2.84101  3.81005  4.64427  3.04708  4.08189  3.17990  3.21812  2.94358  3.33121  3.85743  5.99388  4.57951    101 g - - -
          2.68618  4.42225  2.77519  2.73123  3.46354  2.40513  3.72494  3.29354  2.67741  2.69355  4.24690  2.90347  2.73739  3.18146  2.89801  2.37887  2.77519  2.98518  4.58477  3.61503
          0.01629  4.52090  5.24324  0.61958  0.77255  0.56625  0.83852
     55   4.26081  5.34776  5.31794  5.11748  0.72739  4.93255  3.80864  3.79671  4.89153  2.92767  4.34388  4.58465  5.20744  4.69279  4.78036  4.33087  4.47179  3.77628  1.79827  2.16364    102 f - - -
          2.68618  4.42225  2.77519  2.73123  3.46354  2.40513  3.72494  3.29354  2.67741  2.69355  4.24690  2.90347  2.73739  3.18146  2.89801  2.37887  2.77519  2.98518  4.58477  3.61503
          0.01629  4.52090  5.24324  0.61958  0.77255  0.43853  1.03559
     56   2.66229  5.19911  2.89460  2.03600  4.53115  3.44386  3.56489  4.00551  2.12425  3.48027  4.24392  2.77016  3.80915  2.71348  1.99171  2.54533  2.84003  3.58289  4.00398  4.23876    103 r - - -
          2.68618  4.42225  2.77519  2.73123  3.46354  2.40513  3.72494  3.29354  2.67741  2.69355  4.24690  2.90347  2.73739  3.18146  2.89801  2.37887  2.77519  2.98518  4.58477  3.61503
          0.01554  4.56778  5.29012  0.61958  0.77255  0.48576  0.95510
     57   2.60726  4.14637  4.53275  3.97266  3.52905  3.29993  4.47136  1.75972  3.84317  2.49862  3.49333  4.10937  4.24814  4.05750  3.99524  3.32924  2.95414  1.14959  5.10750  3.91527    104 v - - -
          2.68618  4.42225  2.77519  2.73123  3.46354  2.40513  3.72494  3.29354  2.67741  2.69355  4.24690  2.90347  2.73739  3.18146  2.89801  2.37887  2.77519  2.98518  4.58477  3.61503
          0.01554  4.56778  5.29012  0.61958  0.77255  0.48576  0.95510
     58   2.63617  4.41597  3.56080  2.79817  3.50448  3.70763  3.77464  1.73922  2.89836  2.53290  3.49805  3.46054  4.08608  3.28689  2.68600  2.84279  2.90118  2.21668  5.00060  3.63897    105 i - - -
          2.68618  4.42225  2.77519  2.73123  3.46354  2.40513  3.72494  3.29354  2.67741  2.69355  4.24690  2.90347  2.73739  3.18146  2.89801  2.37887  2.77519  2.98518  4.58477  3.61503
          0.01554  4.56778  5.29012  0.61958  0.77255  0.48576  0.95510
     59   3.14150  4.49593  4.77488  4.25788  1.56503  4.20718  3.99465  2.26501  4.07784  2.56410  3.61618  4.18560  4.55279  4.15936  4.11499  2.89793  3.36970  2.78350  2.85941  1.66258    106 f - - -
          2.68618  4.42225  2.77519  2.73123  3.46354  2.40513  3.72494  3.29354  2.67741  2.69355  4.24690  2.90347  2.73739  3.18146  2.89801  2.37887  2.77519  2.98518  4.58477  3.61503
          0.01554  4.56778  5.29012  0.61958  0.77255  0.48576  0.95510
     60   2.32775  4.54148  3.93238  3.84691  4.97966  0.54577  4.93086  4.38740  4.02790  4.13405  4.97855  3.84118  4.11340  4.26409  4.24825  2.80738  3.16302  3.58031  6.32390  5.15888    107 G - - -
          2.68618  4.42225  2.77519  2.73123  3.46354  2.40513  3.72494  3.29354  2.67741  2.69355  4.24690  2.90347  2.73739  3.18146  2.89801  2.37887  2.77519  2.98518  4.58477  3.61503
          0.01554  4.56778  5.29012  0.61958  0.77255  0.48576  0.95510
     61   2.46514  4.55545  3.79002  3.63633  4.83327  3.30573  4.74046  4.17735  3.71940  3.92247  4.78731  3.73606  0.66354  4.03481  3.97667  2.75810  2.81947  3.60344  6.18586  4.98812    108 P - - -
          2.68618  4.42225  2.77519  2.73123  3.46354  2.40513  3.72494  3.29354  2.67741  2.69355  4.24690  2.90347  2.73739  3.18146  2.89801  2.37887  2.77519  2.98518  4.58477  3.61503
          0.01556  4.56673  5.28907  0.61958  0.77255  0.48576  0.95510
     62   2.78860  4.41920  4.31040  3.73403  3.58957  4.07432  4.40785  2.00972  3.55180  2.40853  3.52415  4.00338  4.43550  3.87251  2.44659  3.37482  3.18404  1.16238  5.18117  3.97907    109 v - - -
          2.68618  4.42225  2.77519  2.73123  3.46354  2.40513  3.72494  3.29354  2.67741  2.69355  4.24690  2.90347  2.73739  3.18146  2.89801  2.37887  2.77519  2.98518  4.58477  3.61503
          0.01556  4.56673  5.28907  0.61958  0.77255  0.48576  0.95510
     63   2.69667  4.95492  2.94768  2.12460  4.41344  3.51976  3.64198  3.86542  2.41681  3.26744  4.08633  2.89216  3.91172  2.78017  1.72717  2.66947  2.70632  3.48003  5.57255  3.36276    110 r - - -
          2.68618  4.42225  2.77519  2.73123  3.46354  2.40513  3.72494  3.29354  2.67741  2.69355  4.24690  2.90347  2.73739  3.18146  2.89801  2.37887  2.77519  2.98518  4.58477  3.61503
          0.06324  4.56673  2.97809  0.61958  0.77255  0.48576  0.95510
     64   1.09952  4.40406  3.80063  3.26848  3.38939  3.60764  4.14086  2.71306  3.20598  2.70154  3.66694  3.58175  3.95502  3.50173  3.52374  2.72237  2.98594  2.66026  5.16144  3.93410    111 a - - -
          2.68618  4.42225  2.77519  2.73123  3.46354  2.40513  3.72494  3.29354  2.67741  2.69355  4.24690  2.90347  2.73739  3.18146  2.89801  2.37887  2.77519  2.98518  4.58477  3.61503
          0.01631  4.51980  5.24215  0.61958  0.77255  0.56625  0.83852
     65   2.40724  4.94877  2.87352  2.23822  4.46396  3.35706  3.64813  3.93157  1.85822  3.42436  4.15200  2.94690  3.84549  2.70598  2.56859  2.20871  2.83101  3.49307  4.89961  3.93952    112 k - - -
          2.68618  4.42225  2.77519  2.73123  3.46354  2.40513  3.72494  3.29354  2.67741  2.69355  4.24690  2.90347  2.73739  3.18146  2.89801  2.37887  2.77519  2.98518  4.58477  3.61503
          0.01631  4.51980  5.24215  0.61958  0.77255  0.56625  0.83852
     66   3.11545  5.64056  0.94513  2.36080  4.93056  3.45510  3.04528  4.45984  2.92739  3.95662  4.77732  2.96301  4.07810  3.05914  3.49102  2.51730  3.39112  4.03592  6.09588  4.62436    113 d - - -
          2.68618  4.42225  2.77519  2.73123  3.46354  2.40513  3.72494  3.29354  2.67741  2.69355  4.24690  2.90347  2.73739  3.18146  2.89801  2.37887  2.77519  2.98518  4.58477  3.61503
          0.01631  4.51980  5.24215  0.61958  0.77255  0.56625  0.83852
     67   3.60743  4.84647  5.47602  4.93727  3.47850  5.01510  5.41958  1.09562  4.79695  1.09262  3.20619  5.12800  5.16235  4.86306  4.85852  4.40519  3.83763  2.13581  5.60670  4.54863    114 l - - -
          2.68618  4.42225  2.77519  2.73123  3.46354  2.40513  3.72494  3.29354  2.67741  2.69355  4.24690  2.90347  2.73739  3.18146  2.89801  2.37887  2.77519  2.98518  4.58477  3.61503
          0.01102  4.51322        *  0.61958  0.77255  0.00000        *
//
